1 143 45
2 329 49
3 406 40
4 504 44
5 784 46
6 844 50
7 941 52
8 97 79
9 169 84
10 350 97
11 402 86
12 452 89
13 539 93
14 621 66
15 702 50
16 795 96
17 934 115
18 42 123
19 132 120
20 209 117
21 289 148
22 408 143
23 469 128
24 570 130
25 636 111
26 688 93
27 704 127
28 750 114
29 856 141
30 971 155
31 86 168
32 175 171
33 243 165
34 368 163
35 424 186
36 467 198
37 510 169
38 592 167
39 654 145
40 721 177
41 779 157
42 920 178
43 45 185
44 120 197
45 212 210
46 275 201
47 325 181
48 383 216
49 487 226
50 529 203
51 617 202
52 666 184
53 735 225
54 773 203
55 842 196
56 956 235
57 64 226
58 149 227
59 199 270
60 245 248
61 293 259
62 341 235
63 394 284
64 439 284
65 475 260
66 520 265
67 561 240
68 640 237
69 698 248
70 773 243
71 834 234
72 905 226
73 71 265
74 106 290
75 161 297
76 232 293
77 256 322
78 301 307
79 350 290
80 438 335
81 482 334
82 517 310
83 561 322
84 617 270
85 665 280
86 714 295
87 769 315
88 809 342
89 819 291
90 885 273
91 946 280
92 57 310
93 61 360
94 112 355
95 183 343
96 287 371
97 327 359
98 368 342
99 406 356
100 471 377
101 519 356
102 611 323
103 669 306
104 729 347
105 863 329
106 918 325
107 972 319
108 863 416
109 333 413
110 374 375
111 387 414
112 432 395
113 484 408
114 532 412
115 618 376
116 735 417
117 800 424
118 742 462
119 955 444
120 39 474
121 85 480
122 133 472
123 250 473
124 325 451
125 443 422
126 577 421
127 660 443
128 783 595
129 801 473
130 414 461
131 468 447
132 525 444
133 621 498
134 687 484
135 852 504
136 916 524
137 213 502
138 339 482
139 429 496
140 516 489
141 653 529
142 743 546
143 815 553
144 53 536
145 100 537
146 138 530
147 189 530
148 229 555
149 269 531
150 304 507
151 334 534
152 368 506
153 395 547
154 461 521
155 492 551
156 531 567
157 604 582
158 667 566
159 683 633
160 838 596
161 897 570
162 972 564
163 145 570
164 199 587
165 281 586
166 387 585
167 445 591
168 477 618
169 525 606
170 608 630
171 869 689
172 745 629
173 852 646
174 913 612
175 949 651
176 54 615
177 100 600
178 167 620
179 241 620
180 311 650
181 369 628
182 394 656
183 421 620
184 521 649
185 598 700
186 649 675
187 726 683
188 804 675
189 103 677
190 162 710
191 191 670
192 258 736
193 345 686
194 366 718
195 422 710
196 454 655
197 469 690
198 689 720
199 806 717